45 30 

9
3 1
7 1
5 1
7 1

4 1
7 1
5 1
7 1
4 1

7 1
5 1
7 1
4 1
7 1

5 1
7 1
4 1
7 1
5 1

4 7 1
6 4 7 1
6 4
5 5 10
5 3 7 3

5 2 1
5 2 2 
5 2 10
5 2 2 
5 2 1

5 2 11
5 2 2 
5 2 1
5 2 11
5 2 2

5 7 3
6 7 5
6 8 1
6 3 1
5 1

7 1
4 1
7 1
5 1
7 1



18
18
18
18
18

2 3 
13
13
2 1
2 1

2 2 
2 2
2 2
2 1
2 1 2

1 1 2
1 1 2
1 1 1 
22 1 1 1 1 6
22 2 1 1 1 6

22 2 1 1 1 2 6
1 20 1 1 1 1 2 6
1 3 3 3 3 4 1 1 1 1 1 3 3 
1 1 1 1 1 1 1 1 1 1 2 1 1 1 1 1 1 1 1 1 
1 1 1 1 1 1 1 1 1 1 2 1 1 1 1 2 1 1 1 1 

1 1 1 1 3
22 1 1 1 3 8
2 1 4
2 6
5
