30 45

5 4 1
2 5 2 4 1 2
5 4 2 2 
2 3 2 1 3 6
1 1 2 1 5 1

1 1 1 5 5 3 2
1 4 5 2 3
2 2 3 5 4 6
9 1 1 7 4 3 1
2 5 4 2 8 2 2

3 2 3 3 4 3 3 4
1 5 1 1 7 3 3 3 
6 1 7 19 7
1 16 7 3 3 3 
4 5 4 3 3 4 

4 5 3 2 2 8 2 2 
2 4 1 8 7 4 3 1
9 3 4 5 4 6
2 2 4 2 5 2 3 1 
1 2 8 5 3 2 1 

10 4 5 1 2
2 2 10 6 3 3 
2 4 1 5 2 2 6 1
1 6 2 3 1 2 5 3
7 4 1 1 3

3 9 2
3 2 3 2 1
2 5 3 1
7 3
3 4


1 4
5 4
3 6
2 5 2
1 2 3 3 

1 1 6 2
1 5 6
3 2 3 8
4 3 3 1
4 2 3 5

4 6 5
3 2 2 6 4
1 2 3 1 6
1 1 2 5 4 1
1 2 2 7 3

4 2 2 3 5 3
3 4 2 2 3 1 8
4 3 3 1 8 4
4 6 1 7 2 3
6 3 2 3 3 1

1 3 1 1 6 1
2 5 2 3 7
11 4 1 2
11 4 4 
2 5 2 8

2 3 2 3
1 3 1 3 1 3
2 9 2
3 3 7 3 3 
8 3 8

8 1 8
5 13 5
5 9 5
5 3 5
6 1 6

11 3
3 5 3 3 
3 3 3 3 3 
6 1 6 2
1 4

1 3 4
1 4 3
1 2
1 1 
1
